
 LIST ALL SELECTED ELEMENTS.  (LIST NODES)
 
    ELEM MAT TYP REL ESY SEC        NODES
 
       1   1   1   1   0   1      4     7     5
       2   1   1   1   0   1      4     6     7
       3   1   1   1   0   1      3     5     7
       4   1   1   1   0   1      3     1     5
       5   1   1   1   0   1      6     3     7
       6   1   1   1   0   1      6     2     3
       7   1   1   1   0   1     12    13    14
       8   1   1   1   0   1     12    11    13
       9   1   1   1   0   1      9    14    10
      10   1   1   1   0   1      9    12    14
      11   1   1   1   0   1      8    14    13
      12   1   1   1   0   1      8    10    14
      13   1   1   1   0   1     18    21    19
      14   1   1   1   0   1     18    20    21
      15   1   1   1   0   1     16    21    17
      16   1   1   1   0   1     16    19    21
      17   1   1   1   0   1     20    17    21
      18   1   1   1   0   1     20    15    17
      19   1   1   1   0   1     13    25     8
      20   1   1   1   0   1     13    27    25
 
    ELEM MAT TYP REL ESY SEC        NODES
 
      21   1   1   1   0   1     11    27    13
      22   1   1   1   0   1     11    26    27
      23   1   1   1   0   1     25    24    23
      24   1   1   1   0   1     25    27    24
      25   1   1   1   0   1     26    24    27
      26   1   1   1   0   1     26    22    24
      27   1   1   1   0   1     29    24    22
      28   1   1   1   0   1     29    30    24
      29   1   1   1   0   1     15    30    29
      30   1   1   1   0   1     15    20    30
      31   1   1   1   0   1     24    28    23
      32   1   1   1   0   1     24    30    28
      33   1   1   1   0   1     20    28    30
      34   1   1   1   0   1     20    18    28
      35   1   1   1   0   1     34    37    35
      36   1   1   1   0   1     34    36    37
      37   1   1   1   0   1     32    37    33
      38   1   1   1   0   1     32    35    37
      39   1   1   1   0   1     36    33    37
      40   1   1   1   0   1     36    31    33
 
    ELEM MAT TYP REL ESY SEC        NODES
 
      41   1   1   1   0   1     41    42    43
      42   1   1   1   0   1     41    15    42
      43   1   1   1   0   1     38    43    40
      44   1   1   1   0   1     38    41    43
      45   1   1   1   0   1     39    43    42
      46   1   1   1   0   1     39    40    43
      47   1   1   1   0   1     47    46    22
      48   1   1   1   0   1     47    48    46
      49   1   1   1   0   1     31    48    47
      50   1   1   1   0   1     31    36    48
      51   1   1   1   0   1     46    45    44
      52   1   1   1   0   1     46    48    45
      53   1   1   1   0   1     36    45    48
      54   1   1   1   0   1     36    34    45
      55   1   1   1   0   1     42    49    39
      56   1   1   1   0   1     42    50    49
      57   1   1   1   0   1     15    50    42
      58   1   1   1   0   1     15    29    50
      59   1   1   1   0   1     49    46    44
      60   1   1   1   0   1     49    50    46
 
    ELEM MAT TYP REL ESY SEC        NODES
 
      61   1   1   1   0   1     29    46    50
      62   1   1   1   0   1     29    22    46
      63   1   1   1   0   1     53    56    54
      64   1   1   1   0   1     53    55    56
      65   1   1   1   0   1     51    56    52
      66   1   1   1   0   1     51    54    56
      67   1   1   1   0   1     55    52    56
      68   1   1   1   0   1     55    31    52
      69   1   1   1   0   1     60    63    61
      70   1   1   1   0   1     60    62    63
      71   1   1   1   0   1     59    61    63
      72   1   1   1   0   1     59    57    61
      73   1   1   1   0   1     58    63    62
      74   1   1   1   0   1     58    59    63
      75   1   1   1   0   1     67    68    69
      76   1   1   1   0   1     67    66    68
      77   1   1   1   0   1     65    67    69
      78   1   1   1   0   1     65    23    67
      79   1   1   1   0   1     64    69    68
      80   1   1   1   0   1     64    65    69
 
    ELEM MAT TYP REL ESY SEC        NODES
 
      81   1   1   1   0   1     31    73    52
      82   1   1   1   0   1     31    47    73
      83   1   1   1   0   1     47    72    73
      84   1   1   1   0   1     47    22    72
      85   1   1   1   0   1     52    71    51
      86   1   1   1   0   1     52    73    71
      87   1   1   1   0   1     72    71    73
      88   1   1   1   0   1     72    70    71
      89   1   1   1   0   1     76    77    78
      90   1   1   1   0   1     76    66    77
      91   1   1   1   0   1     74    78    75
      92   1   1   1   0   1     74    76    78
      93   1   1   1   0   1     77    75    78
      94   1   1   1   0   1     77    44    75
      95   1   1   1   0   1     80    72    22
      96   1   1   1   0   1     80    81    72
      97   1   1   1   0   1     57    81    80
      98   1   1   1   0   1     57    59    81
      99   1   1   1   0   1     72    79    70
     100   1   1   1   0   1     72    81    79
 
    ELEM MAT TYP REL ESY SEC        NODES
 
     101   1   1   1   0   1     59    79    81
     102   1   1   1   0   1     59    58    79
     103   1   1   1   0   1     85    86    87
     104   1   1   1   0   1     85     1    86
     105   1   1   1   0   1     83    87    84
     106   1   1   1   0   1     83    85    87
     107   1   1   1   0   1     86    84    87
     108   1   1   1   0   1     86    82    84
     109   1   1   1   0   1     88    89    90
     110   1   1   1   0   1     88    70    89
     111   1   1   1   0   1     83    90    85
     112   1   1   1   0   1     83    88    90
     113   1   1   1   0   1     89    85    90
     114   1   1   1   0   1     89     1    85
     115   1   1   1   0   1     93    96    94
     116   1   1   1   0   1     93    95    96
     117   1   1   1   0   1     91    96    92
     118   1   1   1   0   1     91    94    96
     119   1   1   1   0   1     95    92    96
     120   1   1   1   0   1     95    11    92
 
    ELEM MAT TYP REL ESY SEC        NODES
 
     121   1   1   1   0   1     98    99   100
     122   1   1   1   0   1     98    97    99
     123   1   1   1   0   1     74   100    76
     124   1   1   1   0   1     74    98   100
     125   1   1   1   0   1     99    76   100
     126   1   1   1   0   1     99    66    76
     127   1   1   1   0   1    104   105   106
     128   1   1   1   0   1    104   103   105
     129   1   1   1   0   1     64   106   102
     130   1   1   1   0   1     64   104   106
     131   1   1   1   0   1    105   102   106
     132   1   1   1   0   1    105   101   102
     133   1   1   1   0   1    110   111   112
     134   1   1   1   0   1    110    57   111
     135   1   1   1   0   1    107   112   109
     136   1   1   1   0   1    107   110   112
     137   1   1   1   0   1    108   112   111
     138   1   1   1   0   1    108   109   112
     139   1   1   1   0   1     68   113   114
     140   1   1   1   0   1     68    66   113
 
    ELEM MAT TYP REL ESY SEC        NODES
 
     141   1   1   1   0   1     64   114   104
     142   1   1   1   0   1     64    68   114
     143   1   1   1   0   1    113   104   114
     144   1   1   1   0   1    113   103   104
     145   1   1   1   0   1     26   117    22
     146   1   1   1   0   1     26   118   117
     147   1   1   1   0   1     11   118    26
     148   1   1   1   0   1     11    95   118
     149   1   1   1   0   1    117   116   115
     150   1   1   1   0   1    117   118   116
     151   1   1   1   0   1     95   116   118
     152   1   1   1   0   1     95    93   116
     153   1   1   1   0   1     57   120   111
     154   1   1   1   0   1     57    80   120
     155   1   1   1   0   1     80   117   120
     156   1   1   1   0   1     80    22   117
     157   1   1   1   0   1    111   119   108
     158   1   1   1   0   1    111   120   119
     159   1   1   1   0   1    117   119   120
     160   1   1   1   0   1    117   115   119
 
    ELEM MAT TYP REL ESY SEC        NODES
 
     161   1   1   1   0   1    125   126   127
     162   1   1   1   0   1    125   124   126
     163   1   1   1   0   1    121   127   123
     164   1   1   1   0   1    121   125   127
     165   1   1   1   0   1    122   127   126
     166   1   1   1   0   1    122   123   127
     167   1   1   1   0   1    131   134   132
     168   1   1   1   0   1    131   133   134
     169   1   1   1   0   1    129   134   130
     170   1   1   1   0   1    129   132   134
     171   1   1   1   0   1    133   130   134
     172   1   1   1   0   1    133   128   130
     173   1   1   1   0   1    138   137   136
     174   1   1   1   0   1    138   139   137
     175   1   1   1   0   1    128   139   138
     176   1   1   1   0   1    128   133   139
     177   1   1   1   0   1    137   135    82
     178   1   1   1   0   1    137   139   135
     179   1   1   1   0   1    133   135   139
     180   1   1   1   0   1    133   131   135
 
    ELEM MAT TYP REL ESY SEC        NODES
 
     181   1   1   1   0   1    141   137    82
     182   1   1   1   0   1    141   142   137
     183   1   1   1   0   1    141   126   142
     184   1   1   1   0   1    141   122   126
     185   1   1   1   0   1    137   140   136
     186   1   1   1   0   1    137   142   140
     187   1   1   1   0   1    142   124   140
     188   1   1   1   0   1    142   126   124
     195   1   1   1   0   1    140   150   136
     196   1   1   1   0   1    140   151   150
     197   1   1   1   0   1    124   151   140
     198   1   1   1   0   1    124   147   151
     199   1   1   1   0   1    150   149     2
     200   1   1   1   0   1    150   151   149
     201   1   1   1   0   1    147   149   151
     202   1   1   1   0   1    147   145   149
     203   1   1   1   0   1    155   150     2
     204   1   1   1   0   1    155   157   150
     205   1   1   1   0   1    155   156   157
     206   1   1   1   0   1    155   154   156
 
    ELEM MAT TYP REL ESY SEC        NODES
 
     207   1   1   1   0   1    150   153   136
     208   1   1   1   0   1    150   157   153
     209   1   1   1   0   1    157   152   153
     210   1   1   1   0   1    157   156   152
     211   1   1   1   0   1    160   163   161
     212   1   1   1   0   1    160   162   163
     213   1   1   1   0   1    158   163   159
     214   1   1   1   0   1    158   161   163
     215   1   1   1   0   1    162   159   163
     216   1   1   1   0   1    162   152   159
     217   1   1   1   0   1    165   166   167
     218   1   1   1   0   1    165   115   166
     219   1   1   1   0   1      4   167   164
     220   1   1   1   0   1      4   165   167
     221   1   1   1   0   1    166   164   167
     222   1   1   1   0   1    166   101   164
     223   1   1   1   0   1    168   165   169
     224   1   1   1   0   1    168   115   165
     225   1   1   1   0   1      5   168   169
     226   1   1   1   0   1      5     1   168
 
    ELEM MAT TYP REL ESY SEC        NODES
 
     227   1   1   1   0   1      4   169   165
     228   1   1   1   0   1      4     5   169
     229   1   1   1   0   1    174   175   176
     230   1   1   1   0   1    174   173   175
     231   1   1   1   0   1    170   176   172
     232   1   1   1   0   1    170   174   176
     233   1   1   1   0   1    171   176   175
     234   1   1   1   0   1    171   172   176
     235   1   1   1   0   1    153   178   136
     236   1   1   1   0   1    153   179   178
     237   1   1   1   0   1    152   179   153
     238   1   1   1   0   1    152   162   179
     239   1   1   1   0   1    178   177   103
     240   1   1   1   0   1    178   179   177
     241   1   1   1   0   1    162   177   179
     242   1   1   1   0   1    162   160   177
     243   1   1   1   0   1     84   182   183
     244   1   1   1   0   1     84    82   182
     245   1   1   1   0   1     83   183   181
     246   1   1   1   0   1     83    84   183
 
    ELEM MAT TYP REL ESY SEC        NODES
 
     247   1   1   1   0   1    182   181   183
     248   1   1   1   0   1    182   180   181
     249   1   1   1   0   1    184   185   186
     250   1   1   1   0   1    184   180   185
     251   1   1   1   0   1     75   184   186
     252   1   1   1   0   1     75    44   184
     253   1   1   1   0   1     74   186   185
     254   1   1   1   0   1     74    75   186
     255   1   1   1   0   1    188   178   103
     256   1   1   1   0   1    188   189   178
     257   1   1   1   0   1    188   175   189
     258   1   1   1   0   1    188   171   175
     259   1   1   1   0   1    178   187   136
     260   1   1   1   0   1    178   189   187
     261   1   1   1   0   1    189   173   187
     262   1   1   1   0   1    189   175   173
     263   1   1   1   0   1    192   195   193
     264   1   1   1   0   1    192   194   195
     265   1   1   1   0   1    190   195   191
     266   1   1   1   0   1    190   193   195
 
    ELEM MAT TYP REL ESY SEC        NODES
 
     267   1   1   1   0   1    194   191   195
     268   1   1   1   0   1    194   173   191
     269   1   1   1   0   1    198   196    97
     270   1   1   1   0   1    198   200   196
     271   1   1   1   0   1    198   199   200
     272   1   1   1   0   1    198   197   199
     273   1   1   1   0   1    196   138   136
     274   1   1   1   0   1    196   200   138
     275   1   1   1   0   1    200   128   138
     276   1   1   1   0   1    200   199   128
     277   1   1   1   0   1    181   201   202
     278   1   1   1   0   1    181   180   201
     279   1   1   1   0   1     83   202    88
     280   1   1   1   0   1     83   181   202
     281   1   1   1   0   1    201    88   202
     282   1   1   1   0   1    201    70    88
     283   1   1   1   0   1    102   203   204
     284   1   1   1   0   1    102   101   203
     285   1   1   1   0   1     64   204    65
     286   1   1   1   0   1     64   102   204
 
    ELEM MAT TYP REL ESY SEC        NODES
 
     287   1   1   1   0   1    203    65   204
     288   1   1   1   0   1    203    23    65
     289   1   1   1   0   1    164   205   206
     290   1   1   1   0   1    164   101   205
     291   1   1   1   0   1      4   206     6
     292   1   1   1   0   1      4   164   206
     293   1   1   1   0   1    205     6   206
     294   1   1   1   0   1    205     2     6
     295   1   1   1   0   1    187   196   136
     296   1   1   1   0   1    187   208   196
     297   1   1   1   0   1    173   208   187
     298   1   1   1   0   1    173   194   208
     299   1   1   1   0   1    196   207    97
     300   1   1   1   0   1    196   208   207
     301   1   1   1   0   1    194   207   208
     302   1   1   1   0   1    194   192   207
     303   1   1   1   0   1      2   212     3
     304   1   1   1   0   1      2   149   212
     305   1   1   1   0   1    149   211   212
     306   1   1   1   0   1    149   145   211
 
    ELEM MAT TYP REL ESY SEC        NODES
 
     307   1   1   1   0   1      3   210     1
     308   1   1   1   0   1      3   212   210
     309   1   1   1   0   1    211   210   212
     310   1   1   1   0   1    211   209   210
     311   1   1   1   0   1    119   215   108
     312   1   1   1   0   1    119   216   215
     313   1   1   1   0   1    115   216   119
     314   1   1   1   0   1    115   168   216
     315   1   1   1   0   1    215   214   213
     316   1   1   1   0   1    215   216   214
     317   1   1   1   0   1    168   214   216
     318   1   1   1   0   1    168     1   214
     319   1   1   1   0   1    219   218   217
     320   1   1   1   0   1    219   220   218
     321   1   1   1   0   1    219   166   220
     322   1   1   1   0   1    219   101   166
     323   1   1   1   0   1    218   116    93
     324   1   1   1   0   1    218   220   116
     325   1   1   1   0   1    220   115   116
     326   1   1   1   0   1    220   166   115
 
    ELEM MAT TYP REL ESY SEC        NODES
 
     327   1   1   1   0   1    222   205   101
     328   1   1   1   0   1    222   224   205
     329   1   1   1   0   1    222   223   224
     330   1   1   1   0   1    222   221   223
     331   1   1   1   0   1    224     2   205
     332   1   1   1   0   1    224   155     2
     333   1   1   1   0   1    223   155   224
     334   1   1   1   0   1    223   154   155
     335   1   1   1   0   1    227   226   225
     336   1   1   1   0   1    227   228   226
     337   1   1   1   0   1    227   184   228
     338   1   1   1   0   1    227   180   184
     339   1   1   1   0   1    226    45    34
     340   1   1   1   0   1    226   228    45
     341   1   1   1   0   1    228    44    45
     342   1   1   1   0   1    228   184    44
     343   1   1   1   0   1    230    77    66
     344   1   1   1   0   1    230   232    77
     345   1   1   1   0   1    230   231   232
     346   1   1   1   0   1    230   229   231
 
    ELEM MAT TYP REL ESY SEC        NODES
 
     347   1   1   1   0   1    232    44    77
     348   1   1   1   0   1    232    49    44
     349   1   1   1   0   1    231    49   232
     350   1   1   1   0   1    231    39    49
     351   1   1   1   0   1     97   236    99
     352   1   1   1   0   1     97   207   236
     353   1   1   1   0   1    207   235   236
     354   1   1   1   0   1    207   192   235
     355   1   1   1   0   1     99   234    66
     356   1   1   1   0   1     99   236   234
     357   1   1   1   0   1    235   234   236
     358   1   1   1   0   1    235   233   234
     359   1   1   1   0   1    103   238   105
     360   1   1   1   0   1    103   177   238
     361   1   1   1   0   1    177   237   238
     362   1   1   1   0   1    177   160   237
     363   1   1   1   0   1    105   222   101
     364   1   1   1   0   1    105   238   222
     365   1   1   1   0   1    237   222   238
     366   1   1   1   0   1    237   221   222
 
    ELEM MAT TYP REL ESY SEC        NODES
 
     367   1   1   1   0   1    103   240   188
     368   1   1   1   0   1    103   113   240
     369   1   1   1   0   1    113   234   240
     370   1   1   1   0   1    113    66   234
     371   1   1   1   0   1    188   239   171
     372   1   1   1   0   1    188   240   239
     373   1   1   1   0   1    234   239   240
     374   1   1   1   0   1    234   233   239
     375   1   1   1   0   1    219   203   101
     376   1   1   1   0   1    219   242   203
     377   1   1   1   0   1    219   241   242
     378   1   1   1   0   1    219   217   241
     379   1   1   1   0   1    242    23   203
     380   1   1   1   0   1    242    25    23
     381   1   1   1   0   1    241    25   242
     382   1   1   1   0   1    241     8    25
     383   1   1   1   0   1    230   243   229
     384   1   1   1   0   1    230   244   243
     385   1   1   1   0   1    230    67   244
     386   1   1   1   0   1    230    66    67
 
    ELEM MAT TYP REL ESY SEC        NODES
 
     387   1   1   1   0   1    243    28    18
     388   1   1   1   0   1    243   244    28
     389   1   1   1   0   1    244    23    28
     390   1   1   1   0   1    244    67    23
     391   1   1   1   0   1    227   201   180
     392   1   1   1   0   1    227   246   201
     393   1   1   1   0   1    227   245   246
     394   1   1   1   0   1    227   225   245
     395   1   1   1   0   1    246    70   201
     396   1   1   1   0   1    246    71    70
     397   1   1   1   0   1    245    71   246
     398   1   1   1   0   1    245    51    71
     399   1   1   1   0   1    210    86     1
     400   1   1   1   0   1    210   248    86
     401   1   1   1   0   1    210   247   248
     402   1   1   1   0   1    210   209   247
     403   1   1   1   0   1    248    82    86
     404   1   1   1   0   1    248   141    82
     405   1   1   1   0   1    247   141   248
     406   1   1   1   0   1    247   122   141
 
    ELEM MAT TYP REL ESY SEC        NODES
 
     407   1   1   1   0   1     82   252   182
     408   1   1   1   0   1     82   135   252
     409   1   1   1   0   1    135   251   252
     410   1   1   1   0   1    135   131   251
     411   1   1   1   0   1    182   250   180
     412   1   1   1   0   1    182   252   250
     413   1   1   1   0   1    251   250   252
     414   1   1   1   0   1    251   249   250
     415   1   1   1   0   1    253    79    58
     416   1   1   1   0   1    253   254    79
     417   1   1   1   0   1    253   214   254
     418   1   1   1   0   1    253   213   214
     419   1   1   1   0   1    254    70    79
     420   1   1   1   0   1    254    89    70
     421   1   1   1   0   1    214    89   254
     422   1   1   1   0   1    214     1    89
     423   1   1   1   0   1    145   258   257
     424   1   1   1   0   1    145   147   258
     425   1   1   1   0   1    255   258   256
     426   1   1   1   0   1    255   257   258
 
    ELEM MAT TYP REL ESY SEC        NODES
 
     427   1   1   1   0   1    147   256   258
     428   1   1   1   0   1    147   124   256
     429   1   1   1   0   1    261   156   262
     430   1   1   1   0   1    261   152   156
     431   1   1   1   0   1    259   262   260
     432   1   1   1   0   1    259   261   262
     433   1   1   1   0   1    154   262   156
     434   1   1   1   0   1    154   260   262
     435   1   1   1   0   1    265   199   266
     436   1   1   1   0   1    265   128   199
     437   1   1   1   0   1    263   266   264
     438   1   1   1   0   1    263   265   266
     439   1   1   1   0   1    197   266   199
     440   1   1   1   0   1    197   264   266

