
 LIST ALL SELECTED ELEMENTS.  (LIST NODES)
 
    ELEM MAT TYP REL ESY SEC        NODES
 
       1   1   1   1   0   1      8     6     4     4
       2   1   1   1   0   1      8    11     6     6
       3   1   1   1   0   1      8    10    11    11
       4   1   1   1   0   1      8     7    10    10
       5   1   1   1   0   1     11     5     6     6
       6   1   1   1   0   1     11    12     5     5
       7   1   1   1   0   1     11     9    12    12
       8   1   1   1   0   1     11    10     9     9
       9   1   1   1   0   1     12     1     5     5
      10   1   1   1   0   1     12     3     1     1
      11   1   1   1   0   1     12     2     3     3
      12   1   1   1   0   1     12     9     2     2
      13   1   1   1   0   1     15    19    16    16
      14   1   1   1   0   1     15    18    19    19
      15   1   1   1   0   1      2    19    18    18
      16   1   1   1   0   1      2     9    19    19
      17   1   1   1   0   1     16    20    17    17
      18   1   1   1   0   1     16    19    20    20
      19   1   1   1   0   1      9    20    19    19
      20   1   1   1   0   1      9    10    20    20
 
    ELEM MAT TYP REL ESY SEC        NODES
 
      21   1   1   1   0   1     17    14    13    13
      22   1   1   1   0   1     17    20    14    14
      23   1   1   1   0   1     10    14    20    20
      24   1   1   1   0   1     10     7    14    14
      25   1   1   1   0   1     24    17    13    13
      26   1   1   1   0   1     24    27    17    17
      27   1   1   1   0   1     24    26    27    27
      28   1   1   1   0   1     24    23    26    26
      29   1   1   1   0   1     27    16    17    17
      30   1   1   1   0   1     27    28    16    16
      31   1   1   1   0   1     27    25    28    28
      32   1   1   1   0   1     27    26    25    25
      33   1   1   1   0   1     28    15    16    16
      34   1   1   1   0   1     28    22    15    15
      35   1   1   1   0   1     28    21    22    22
      36   1   1   1   0   1     28    25    21    21
      37   1   1   1   0   1      1    31     5     5
      38   1   1   1   0   1      1    30    31    31
      39   1   1   1   0   1     21    31    30    30
      40   1   1   1   0   1     21    25    31    31
 
    ELEM MAT TYP REL ESY SEC        NODES
 
      41   1   1   1   0   1      5    32     6     6
      42   1   1   1   0   1      5    31    32    32
      43   1   1   1   0   1     25    32    31    31
      44   1   1   1   0   1     25    26    32    32
      45   1   1   1   0   1      6    29     4     4
      46   1   1   1   0   1      6    32    29    29
      47   1   1   1   0   1     26    29    32    32
      48   1   1   1   0   1     26    23    29    29
      49   1   1   1   0   1     24    37    23    23
      50   1   1   1   0   1     24    40    37    37
      51   1   1   1   0   1     24    39    40    40
      52   1   1   1   0   1     24    13    39    39
      53   1   1   1   0   1     40    36    37    37
      54   1   1   1   0   1     40    41    36    36
      55   1   1   1   0   1     40    38    41    41
      56   1   1   1   0   1     40    39    38    38
      57   1   1   1   0   1     41    34    36    36
      58   1   1   1   0   1     41    35    34    34
      59   1   1   1   0   1     41    33    35    35
      60   1   1   1   0   1     41    38    33    33
 
    ELEM MAT TYP REL ESY SEC        NODES
 
      61   1   1   1   0   1     45    39    13    13
      62   1   1   1   0   1     45    48    39    39
      63   1   1   1   0   1     45    47    48    48
      64   1   1   1   0   1     45    44    47    47
      65   1   1   1   0   1     48    38    39    39
      66   1   1   1   0   1     48    49    38    38
      67   1   1   1   0   1     48    46    49    49
      68   1   1   1   0   1     48    47    46    46
      69   1   1   1   0   1     49    33    38    38
      70   1   1   1   0   1     49    43    33    33
      71   1   1   1   0   1     49    42    43    43
      72   1   1   1   0   1     49    46    42    42
      73   1   1   1   0   1     53    47    44    44
      74   1   1   1   0   1     53    56    47    47
      75   1   1   1   0   1     53    55    56    56
      76   1   1   1   0   1     53    52    55    55
      77   1   1   1   0   1     56    46    47    47
      78   1   1   1   0   1     56    57    46    46
      79   1   1   1   0   1     56    54    57    57
      80   1   1   1   0   1     56    55    54    54
 
    ELEM MAT TYP REL ESY SEC        NODES
 
      81   1   1   1   0   1     57    42    46    46
      82   1   1   1   0   1     57    51    42    42
      83   1   1   1   0   1     57    50    51    51
      84   1   1   1   0   1     57    54    50    50
      85   1   1   1   0   1     59    55    52    52
      86   1   1   1   0   1     59    60    55    55
      87   1   1   1   0   1     59    37    60    60
      88   1   1   1   0   1     59    23    37    37
      89   1   1   1   0   1     60    54    55    55
      90   1   1   1   0   1     60    61    54    54
      91   1   1   1   0   1     60    36    61    61
      92   1   1   1   0   1     60    37    36    36
      93   1   1   1   0   1     61    50    54    54
      94   1   1   1   0   1     61    58    50    50
      95   1   1   1   0   1     61    34    58    58
      96   1   1   1   0   1     61    36    34    34
      97   1   1   1   0   1     29    66     4     4
      98   1   1   1   0   1     29    69    66    66
      99   1   1   1   0   1     29    68    69    69
     100   1   1   1   0   1     29    23    68    68
 
    ELEM MAT TYP REL ESY SEC        NODES
 
     101   1   1   1   0   1     69    65    66    66
     102   1   1   1   0   1     69    70    65    65
     103   1   1   1   0   1     69    67    70    70
     104   1   1   1   0   1     69    68    67    67
     105   1   1   1   0   1     70    62    65    65
     106   1   1   1   0   1     70    64    62    62
     107   1   1   1   0   1     70    63    64    64
     108   1   1   1   0   1     70    67    63    63
     109   1   1   1   0   1     63    75    74    74
     110   1   1   1   0   1     63    67    75    75
     111   1   1   1   0   1     67    76    75    75
     112   1   1   1   0   1     67    68    76    76
     113   1   1   1   0   1     68    59    76    76
     114   1   1   1   0   1     68    23    59    59
     115   1   1   1   0   1     75    71    74    74
     116   1   1   1   0   1     75    72    71    71
     117   1   1   1   0   1     76    72    75    75
     118   1   1   1   0   1     76    73    72    72
     119   1   1   1   0   1     59    73    76    76
     120   1   1   1   0   1     59    52    73    73
 
    ELEM MAT TYP REL ESY SEC        NODES
 
     121   1   1   1   0   1     80    73    52    52
     122   1   1   1   0   1     80    83    73    73
     123   1   1   1   0   1     80    82    83    83
     124   1   1   1   0   1     80    79    82    82
     125   1   1   1   0   1     83    72    73    73
     126   1   1   1   0   1     83    84    72    72
     127   1   1   1   0   1     83    81    84    84
     128   1   1   1   0   1     83    82    81    81
     129   1   1   1   0   1     84    71    72    72
     130   1   1   1   0   1     84    78    71    71
     131   1   1   1   0   1     84    77    78    78
     132   1   1   1   0   1     84    81    77    77
     133   1   1   1   0   1     77    87    85    85
     134   1   1   1   0   1     77    81    87    87
     135   1   1   1   0   1     81    88    87    87
     136   1   1   1   0   1     81    82    88    88
     137   1   1   1   0   1     82    86    88    88
     138   1   1   1   0   1     82    79    86    86
     139   1   1   1   0   1     87    62    85    85
     140   1   1   1   0   1     87    65    62    62
 
    ELEM MAT TYP REL ESY SEC        NODES
 
     141   1   1   1   0   1     88    65    87    87
     142   1   1   1   0   1     88    66    65    65
     143   1   1   1   0   1     86    66    88    88
     144   1   1   1   0   1     86     4    66    66

