
 LIST ALL SELECTED ELEMENTS.  (LIST NODES)
 
    ELEM MAT TYP REL ESY SEC        NODES
 
       1   1   1   1   0   1      5     6     7     7
       2   1   1   1   0   1      5     4     6     6
       3   1   1   1   0   1      2     7     3     3
       4   1   1   1   0   1      2     5     7     7
       5   1   1   1   0   1      1     7     6     6
       6   1   1   1   0   1      1     3     7     7
       7   1   1   1   0   1     14    12    11    11
       8   1   1   1   0   1     14    15    12    12
       9   1   1   1   0   1     13    15    14    14
      10   1   1   1   0   1     13    16    15    15
      11   1   1   1   0   1     13     6    16    16
      12   1   1   1   0   1     13     1     6     6
      13   1   1   1   0   1     12     9     8     8
      14   1   1   1   0   1     12    15     9     9
      15   1   1   1   0   1     15    10     9     9
      16   1   1   1   0   1     15    16    10    10
      17   1   1   1   0   1      6    10    16    16
      18   1   1   1   0   1      6     4    10    10
      19   1   1   1   0   1     21    22    23    23
      20   1   1   1   0   1     21    20    22    22
 
    ELEM MAT TYP REL ESY SEC        NODES
 
      21   1   1   1   0   1     17    23    19    19
      22   1   1   1   0   1     17    21    23    23
      23   1   1   1   0   1     18    23    22    22
      24   1   1   1   0   1     18    19    23    23
      25   1   1   1   0   1     26    12     8     8
      26   1   1   1   0   1     26    28    12    12
      27   1   1   1   0   1     27    28    26    26
      28   1   1   1   0   1     27    29    28    28
      29   1   1   1   0   1     27    21    29    29
      30   1   1   1   0   1     27    20    21    21
      31   1   1   1   0   1     12    25    11    11
      32   1   1   1   0   1     12    28    25    25
      33   1   1   1   0   1     28    24    25    25
      34   1   1   1   0   1     28    29    24    24
      35   1   1   1   0   1     21    24    29    29
      36   1   1   1   0   1     21    17    24    24
      37   1   1   1   0   1     33    34    35    35
      38   1   1   1   0   1     33    20    34    34
      39   1   1   1   0   1     30    35    32    32
      40   1   1   1   0   1     30    33    35    35
 
    ELEM MAT TYP REL ESY SEC        NODES
 
      41   1   1   1   0   1     31    35    34    34
      42   1   1   1   0   1     31    32    35    35
      43   1   1   1   0   1     40    41    42    42
      44   1   1   1   0   1     40    39    41    41
      45   1   1   1   0   1     37    42    38    38
      46   1   1   1   0   1     37    40    42    42
      47   1   1   1   0   1     41    38    42    42
      48   1   1   1   0   1     41    36    38    38
      49   1   1   1   0   1     45    48    46    46
      50   1   1   1   0   1     45    47    48    48
      51   1   1   1   0   1     44    46    48    48
      52   1   1   1   0   1     44    43    46    46
      53   1   1   1   0   1     47    44    48    48
      54   1   1   1   0   1     47    11    44    44
      55   1   1   1   0   1     52    55    53    53
      56   1   1   1   0   1     52    54    55    55
      57   1   1   1   0   1     50    55    51    51
      58   1   1   1   0   1     50    53    55    55
      59   1   1   1   0   1     54    51    55    55
      60   1   1   1   0   1     54    49    51    51
 
    ELEM MAT TYP REL ESY SEC        NODES
 
      67   1   1   1   0   1     64    67    65    65
      68   1   1   1   0   1     64    66    67    67
      69   1   1   1   0   1     62    67    63    63
      70   1   1   1   0   1     62    65    67    67
      71   1   1   1   0   1     66    63    67    67
      72   1   1   1   0   1     66     4    63    63
      73   1   1   1   0   1      9    71     8     8
      74   1   1   1   0   1      9    72    71    71
      75   1   1   1   0   1     10    72     9     9
      76   1   1   1   0   1     10    73    72    72
      77   1   1   1   0   1     10    66    73    73
      78   1   1   1   0   1     10     4    66    66
      79   1   1   1   0   1     71    69    68    68
      80   1   1   1   0   1     71    72    69    69
      81   1   1   1   0   1     72    70    69    69
      82   1   1   1   0   1     72    73    70    70
      83   1   1   1   0   1     66    70    73    73
      84   1   1   1   0   1     66    64    70    70
      85   1   1   1   0   1     78    79    80    80
      86   1   1   1   0   1     78    77    79    79
 
    ELEM MAT TYP REL ESY SEC        NODES
 
      87   1   1   1   0   1     74    80    76    76
      88   1   1   1   0   1     74    78    80    80
      89   1   1   1   0   1     75    80    79    79
      90   1   1   1   0   1     75    76    80    80
      91   1   1   1   0   1     82    85    83    83
      92   1   1   1   0   1     82    84    85    85
      93   1   1   1   0   1     81    83    85    85
      94   1   1   1   0   1     81    68    83    83
      95   1   1   1   0   1     84    81    85    85
      96   1   1   1   0   1     84    36    81    81
      97   1   1   1   0   1     88    71    68    68
      98   1   1   1   0   1     88    90    71    71
      99   1   1   1   0   1     89    90    88    88
     100   1   1   1   0   1     89    91    90    90
     101   1   1   1   0   1     89    79    91    91
     102   1   1   1   0   1     89    75    79    79
     103   1   1   1   0   1     71    86     8     8
     104   1   1   1   0   1     71    90    86    86
     105   1   1   1   0   1     90    87    86    86
     106   1   1   1   0   1     90    91    87    87
 
    ELEM MAT TYP REL ESY SEC        NODES
 
     107   1   1   1   0   1     79    87    91    91
     108   1   1   1   0   1     79    77    87    87
     109   1   1   1   0   1     95    96    97    97
     110   1   1   1   0   1     95    49    96    96
     111   1   1   1   0   1     93    97    94    94
     112   1   1   1   0   1     93    95    97    97
     113   1   1   1   0   1     92    97    96    96
     114   1   1   1   0   1     92    94    97    97
     115   1   1   1   0   1    101   102   103   103
     116   1   1   1   0   1    101    77   102   102
     117   1   1   1   0   1     98   103   100   100
     118   1   1   1   0   1     98   101   103   103
     119   1   1   1   0   1     99   103   102   102
     120   1   1   1   0   1     99   100   103   103
     121   1   1   1   0   1     86   106     8     8
     122   1   1   1   0   1     86   107   106   106
     123   1   1   1   0   1     87   107    86    86
     124   1   1   1   0   1     87   108   107   107
     125   1   1   1   0   1     87   101   108   108
     126   1   1   1   0   1     87    77   101   101
 
    ELEM MAT TYP REL ESY SEC        NODES
 
     127   1   1   1   0   1    106   104    39    39
     128   1   1   1   0   1    106   107   104   104
     129   1   1   1   0   1    107   105   104   104
     130   1   1   1   0   1    107   108   105   105
     131   1   1   1   0   1    101   105   108   108
     132   1   1   1   0   1    101    98   105   105
     133   1   1   1   0   1    112   106    39    39
     134   1   1   1   0   1    112   113   106   106
     135   1   1   1   0   1    111   113   112   112
     136   1   1   1   0   1    111   114   113   113
     137   1   1   1   0   1    111    96   114   114
     138   1   1   1   0   1    111    92    96    96
     139   1   1   1   0   1    106   109     8     8
     140   1   1   1   0   1    106   113   109   109
     141   1   1   1   0   1    113   110   109   109
     142   1   1   1   0   1    113   114   110   110
     143   1   1   1   0   1     96   110   114   114
     144   1   1   1   0   1     96    49   110   110
     145   1   1   1   0   1     83   117   118   118
     146   1   1   1   0   1     83    68   117   117
 
    ELEM MAT TYP REL ESY SEC        NODES
 
     147   1   1   1   0   1     82   118   116   116
     148   1   1   1   0   1     82    83   118   118
     149   1   1   1   0   1    117   116   118   118
     150   1   1   1   0   1    117   115   116   116
     157   1   1   1   0   1     37   125    40    40
     158   1   1   1   0   1     37   124   125   125
     159   1   1   1   0   1    123    40   125   125
     160   1   1   1   0   1    123    39    40    40
     161   1   1   1   0   1    124   123   125   125
     162   1   1   1   0   1    124   119   123   123
     163   1   1   1   0   1    126   127   128   128
     164   1   1   1   0   1    126   115   127   127
     165   1   1   1   0   1     45   128    47    47
     166   1   1   1   0   1     45   126   128   128
     167   1   1   1   0   1    127    47   128   128
     168   1   1   1   0   1    127    11    47    47
     169   1   1   1   0   1    130   127   115   115
     170   1   1   1   0   1    130   133   127   127
     171   1   1   1   0   1    130   134   133   133
     172   1   1   1   0   1    130   131   134   134
 
    ELEM MAT TYP REL ESY SEC        NODES
 
     173   1   1   1   0   1    131   132   134   134
     174   1   1   1   0   1    131   129   132   132
     175   1   1   1   0   1    133    11   127   127
     176   1   1   1   0   1    133    14    11    11
     177   1   1   1   0   1    134    14   133   133
     178   1   1   1   0   1    134    13    14    14
     179   1   1   1   0   1    132    13   134   134
     180   1   1   1   0   1    132     1    13    13
     181   1   1   1   0   1     11   139    44    44
     182   1   1   1   0   1     11    25   139   139
     183   1   1   1   0   1     25   140   139   139
     184   1   1   1   0   1     25    24   140   140
     185   1   1   1   0   1     24   138   140   140
     186   1   1   1   0   1     24    17   138   138
     187   1   1   1   0   1     44   136    43    43
     188   1   1   1   0   1     44   139   136   136
     189   1   1   1   0   1    140   136   139   139
     190   1   1   1   0   1    140   137   136   136
     191   1   1   1   0   1    138   137   140   140
     192   1   1   1   0   1    138   135   137   137
 
    ELEM MAT TYP REL ESY SEC        NODES
 
     193   1   1   1   0   1     39   145    41    41
     194   1   1   1   0   1     39   104   145   145
     195   1   1   1   0   1    104   146   145   145
     196   1   1   1   0   1    104   105   146   146
     197   1   1   1   0   1    105   144   146   146
     198   1   1   1   0   1    105    98   144   144
     199   1   1   1   0   1     41   142    36    36
     200   1   1   1   0   1     41   145   142   142
     201   1   1   1   0   1    146   142   145   145
     202   1   1   1   0   1    146   143   142   142
     203   1   1   1   0   1    144   143   146   146
     204   1   1   1   0   1    144   141   143   143
     205   1   1   1   0   1    148   123   119   119
     206   1   1   1   0   1    148   151   123   123
     207   1   1   1   0   1    148   152   151   151
     208   1   1   1   0   1    148   149   152   152
     209   1   1   1   0   1    149   150   152   152
     210   1   1   1   0   1    149   147   150   150
     211   1   1   1   0   1    151    39   123   123
     212   1   1   1   0   1    151   112    39    39
 
    ELEM MAT TYP REL ESY SEC        NODES
 
     213   1   1   1   0   1    152   112   151   151
     214   1   1   1   0   1    152   111   112   112
     215   1   1   1   0   1    150   111   152   152
     216   1   1   1   0   1    150    92   111   111
     217   1   1   1   0   1     68   154   117   117
     218   1   1   1   0   1     68    69   154   154
     219   1   1   1   0   1     69   155   154   154
     220   1   1   1   0   1     69    70   155   155
     221   1   1   1   0   1     70   153   155   155
     222   1   1   1   0   1     70    64   153   153
     223   1   1   1   0   1    117   130   115   115
     224   1   1   1   0   1    117   154   130   130
     225   1   1   1   0   1    155   130   154   154
     226   1   1   1   0   1    155   131   130   130
     227   1   1   1   0   1    153   131   155   155
     228   1   1   1   0   1    153   129   131   131
     229   1   1   1   0   1    142    81    36    36
     230   1   1   1   0   1    142   157    81    81
     231   1   1   1   0   1    142   158   157   157
     232   1   1   1   0   1    142   143   158   158
 
    ELEM MAT TYP REL ESY SEC        NODES
 
     233   1   1   1   0   1    143   156   158   158
     234   1   1   1   0   1    143   141   156   156
     235   1   1   1   0   1    157    68    81    81
     236   1   1   1   0   1    157    88    68    68
     237   1   1   1   0   1    158    88   157   157
     238   1   1   1   0   1    158    89    88    88
     239   1   1   1   0   1    156    89   158   158
     240   1   1   1   0   1    156    75    89    89
     241   1   1   1   0   1    160   159    56    56
     242   1   1   1   0   1    160   162   159   159
     243   1   1   1   0   1    161   162   160   160
     244   1   1   1   0   1    161   163   162   162
     245   1   1   1   0   1    161    34   163   163
     246   1   1   1   0   1    161    31    34    34
     247   1   1   1   0   1    159    26     8     8
     248   1   1   1   0   1    159   162    26    26
     249   1   1   1   0   1    162    27    26    26
     250   1   1   1   0   1    162   163    27    27
     251   1   1   1   0   1     34    27   163   163
     252   1   1   1   0   1     34    20    27    27
 
    ELEM MAT TYP REL ESY SEC        NODES
 
     253   1   1   1   0   1    109   159     8     8
     254   1   1   1   0   1    109   166   159   159
     255   1   1   1   0   1    110   166   109   109
     256   1   1   1   0   1    110   167   166   166
     257   1   1   1   0   1    110    54   167   167
     258   1   1   1   0   1    110    49    54    54
     259   1   1   1   0   1    159   164    56    56
     260   1   1   1   0   1    159   166   164   164
     261   1   1   1   0   1    166   165   164   164
     262   1   1   1   0   1    166   167   165   165
     263   1   1   1   0   1     54   165   167   167
     264   1   1   1   0   1     54    52   165   165
     265   1   1   1   0   1    170   171   172   172
     266   1   1   1   0   1    170    43   171   171
     267   1   1   1   0   1    168   172   169   169
     268   1   1   1   0   1    168   170   172   172
     269   1   1   1   0   1    171   169   172   172
     270   1   1   1   0   1    171    56   169   169
     271   1   1   1   0   1    168   175   174   174
     272   1   1   1   0   1    168   169   175   175
 
    ELEM MAT TYP REL ESY SEC        NODES
 
     273   1   1   1   0   1    173   174   175   175
     274   1   1   1   0   1    173   119   174   174
     275   1   1   1   0   1    169   173   175   175
     276   1   1   1   0   1    169    56   173   173
     277   1   1   1   0   1    136   171    43    43
     278   1   1   1   0   1    136   177   171   171
     279   1   1   1   0   1    136   178   177   177
     280   1   1   1   0   1    136   137   178   178
     281   1   1   1   0   1    137   176   178   178
     282   1   1   1   0   1    137   135   176   176
     283   1   1   1   0   1    177    56   171   171
     284   1   1   1   0   1    177   160    56    56
     285   1   1   1   0   1    178   160   177   177
     286   1   1   1   0   1    178   161   160   160
     287   1   1   1   0   1    176   161   178   178
     288   1   1   1   0   1    176    31   161   161
     289   1   1   1   0   1     56   180   173   173
     290   1   1   1   0   1     56   164   180   180
     291   1   1   1   0   1    164   181   180   180
     292   1   1   1   0   1    164   165   181   181
 
    ELEM MAT TYP REL ESY SEC        NODES
 
     293   1   1   1   0   1    165   179   181   181
     294   1   1   1   0   1    165    52   179   179
     295   1   1   1   0   1    173   148   119   119
     296   1   1   1   0   1    173   180   148   148
     297   1   1   1   0   1    181   148   180   180
     298   1   1   1   0   1    181   149   148   148
     299   1   1   1   0   1    179   149   181   181
     300   1   1   1   0   1    179   147   149   149

